  k    P_tf   P_bm    R_tf   R_bm   MAP_tf  MAP_bm   nDCG_tf  nDCG_bm   MRR_tf  MRR_bm
--------------------------------------------------------------------------------------
  1  0.6489 0.7289  0.1092 0.1226  0.10919 0.12260  0.518889 0.597778  0.64889 0.72889
  2  0.5467 0.6178  0.1809 0.2064  0.17290 0.19880  0.480852 0.555811  0.69778 0.77111
  3  0.4859 0.5393  0.2287 0.2580  0.21084 0.24218  0.458642 0.519650  0.71407 0.78148
  4  0.4344 0.4700  0.2646 0.2932  0.23546 0.26805  0.445515 0.498576  0.72074 0.78481
  5  0.3858 0.4293  0.2884 0.3290  0.24881 0.28964  0.435175 0.493313  0.72696 0.78837
  6  0.3585 0.3859  0.3241 0.3502  0.26505 0.30143  0.439341 0.489922  0.73215 0.79059
  7  0.3340 0.3524  0.3481 0.3696  0.27715 0.31213  0.441885 0.487634  0.73342 0.79186
  8  0.3167 0.3267  0.3714 0.3876  0.28835 0.32083  0.448885 0.489316  0.73397 0.79297
  9  0.2998 0.3047  0.3932 0.4020  0.29666 0.32699  0.455295 0.491462  0.73595 0.79495
 10  0.2836 0.2893  0.4100 0.4168  0.30258 0.33303  0.458921 0.495022  0.73684 0.79539

TF-IDF total time: 16.69s
BM25   total time: 3.05s